[header]
width=30
height=19
tilewidth=32
tileheight=32
orientation=orthogonal

[tilesets]
tileset=C:/Users/Mathis/Desktop/32x32_map_tile v3.1 [MARGINLESS].png,32,32,0,0

[layer]
type=Calque de Tile 1
data=
34,34,34,34,34,34,34,487,487,532,48,48,48,48,48,48,48,48,48,48,48,48,48,48,530,487,487,487,487,487,
417,417,417,34,417,417,34,487,487,532,48,48,48,48,48,48,48,48,48,48,48,48,48,48,530,487,487,487,487,487,
487,487,487,34,487,487,34,487,487,532,48,48,48,48,48,48,48,48,48,48,48,48,48,48,530,487,487,487,487,487,
487,487,487,34,487,487,34,487,487,559,509,48,48,48,48,48,48,48,48,48,48,48,48,507,561,487,487,487,487,487,
487,487,487,34,487,487,34,487,487,487,559,509,48,48,48,48,48,48,48,48,48,48,507,561,487,487,487,487,487,487,
487,487,487,34,487,487,34,487,487,487,487,559,509,48,48,48,48,48,48,48,48,507,561,487,487,487,487,487,487,487,
487,487,487,417,487,487,417,487,487,487,487,487,559,509,48,48,48,48,48,48,507,561,487,487,487,487,487,487,487,487,
487,487,487,487,487,487,444,446,487,487,487,487,487,559,508,508,579,578,508,508,561,487,487,487,487,487,487,487,487,487,
487,487,487,487,487,487,467,469,487,487,487,487,487,487,487,487,467,469,487,487,487,487,487,487,487,487,487,487,487,487,
487,487,487,487,487,487,467,469,487,487,487,487,487,487,487,487,467,469,487,487,487,487,487,487,487,487,487,487,487,487,
487,487,487,487,487,487,467,469,487,487,487,487,487,487,487,487,467,469,487,487,487,487,487,487,487,487,487,487,487,487,
487,487,487,487,487,487,467,469,487,487,487,444,446,487,487,487,467,469,487,487,487,444,446,487,487,487,487,487,487,487,
487,487,487,487,487,487,490,492,487,487,444,558,469,487,487,487,490,492,487,487,487,467,556,446,487,487,487,487,487,487,
487,487,487,487,487,487,487,487,487,487,490,512,469,487,487,487,487,487,487,487,487,467,143,533,487,487,487,487,487,487,
487,487,487,487,487,487,487,487,487,487,487,467,469,487,487,487,487,487,487,487,487,467,510,492,487,487,487,487,487,487,
487,487,487,487,487,487,487,487,513,554,554,602,601,554,554,554,554,554,554,554,554,602,601,554,554,515,487,487,487,487,
487,487,487,513,554,554,554,554,555,48,48,48,48,48,48,48,48,48,48,48,48,48,48,48,48,553,554,515,487,487,
487,487,513,555,48,48,48,48,48,48,48,48,48,48,48,48,48,48,48,48,48,48,48,48,48,48,48,553,515,487,
487,513,555,48,48,48,48,48,48,48,48,48,48,48,48,48,48,48,48,48,48,48,48,48,48,48,48,48,553,515

[layer]
type=Calque 2
data=
0,0,0,0,0,0,0,0,0,0,0,302,303,0,0,0,232,0,162,233,0,0,277,278,0,0,0,0,0,0,
0,0,0,0,0,0,0,0,0,0,0,277,278,0,0,232,233,232,233,233,0,0,300,301,0,0,0,0,0,0,
0,0,0,0,0,0,0,0,0,0,0,300,301,0,0,232,0,232,232,0,0,0,0,0,0,0,0,0,0,0,
0,0,0,0,0,0,0,0,0,0,0,232,232,0,0,279,280,0,0,0,0,0,0,0,0,0,0,0,0,0,
0,0,0,0,0,0,0,0,0,0,0,0,0,0,0,302,303,0,0,0,163,0,0,0,0,0,0,0,0,0,
0,0,0,0,0,0,0,0,0,0,0,0,0,0,0,277,278,0,0,0,0,0,0,0,0,0,0,0,0,0,
0,0,0,0,0,0,0,0,0,0,0,0,0,0,0,300,301,0,0,0,0,0,0,0,0,0,0,0,0,0,
0,0,0,0,0,0,0,0,0,0,0,0,0,0,0,0,0,0,0,0,0,0,0,0,0,0,0,0,0,0,
0,0,0,0,0,0,0,0,0,0,0,0,0,0,0,0,0,0,0,0,0,0,0,0,0,0,0,0,0,0,
0,0,0,0,0,0,0,0,0,0,0,0,0,0,0,0,0,254,0,0,0,0,0,0,0,0,0,0,0,0,
0,0,0,0,0,0,0,0,0,0,0,0,0,0,0,0,0,0,0,0,0,0,0,0,0,0,0,0,0,0,
0,0,0,0,0,0,0,0,0,0,0,0,0,0,0,0,0,0,0,0,0,0,0,0,0,0,0,0,0,0,
0,0,0,0,0,0,0,0,0,0,0,0,0,0,0,0,0,0,0,0,0,0,0,236,0,0,0,0,0,0,
0,0,0,0,0,0,0,0,0,0,0,0,0,0,0,0,0,0,0,0,0,0,0,0,0,0,0,0,0,0,
0,0,0,0,0,0,0,0,0,0,0,0,0,0,0,0,0,0,279,280,0,236,0,0,0,0,0,0,0,0,
0,0,0,0,0,0,0,0,0,0,0,0,0,0,0,0,0,0,302,303,0,0,0,0,0,0,0,0,0,0,
0,0,0,0,0,279,280,0,0,164,141,0,0,0,0,0,0,0,277,278,0,0,0,0,0,0,0,0,0,0,
0,0,0,0,0,302,303,0,233,233,164,0,279,280,0,0,0,185,300,301,232,232,0,0,0,0,0,0,0,0,
0,0,0,0,0,277,278,0,0,233,233,0,302,303,0,0,0,232,232,232,232,232,232,0,0,279,280,0,0,0

