[header]
width=30
height=19
tilewidth=32
tileheight=32
orientation=orthogonal

[tilesets]
tileset=C:/Users/Mathis/Desktop/32x32_map_tile v3.1 [MARGINLESS].png,32,32,0,0

[layer]
type=Calque de Tile 1
data=
487,532,48,48,48,48,48,48,48,48,48,48,530,487,489,489,489,487,532,48,48,48,48,48,48,48,48,48,530,487,
487,532,48,48,48,48,48,48,48,48,48,48,530,487,489,489,489,487,532,48,48,48,48,48,48,48,48,48,530,487,
487,532,48,48,48,48,48,48,48,48,48,48,530,487,489,489,489,487,532,48,48,48,48,48,48,48,48,48,530,487,
487,559,509,48,48,48,48,48,48,48,48,48,530,487,489,489,489,487,532,48,48,48,48,48,48,48,507,508,561,487,
377,487,559,508,508,509,48,48,48,48,48,48,530,487,489,489,489,487,532,48,48,48,48,48,507,508,561,487,487,375,
489,377,487,487,487,559,508,508,509,48,48,48,530,487,489,489,489,487,532,48,48,48,507,508,561,487,487,375,489,489,
489,489,489,489,377,487,487,487,559,508,508,508,561,487,489,489,489,487,559,508,508,508,561,487,487,375,489,489,489,489,
489,489,489,489,489,489,489,377,487,487,487,487,487,375,489,489,489,377,487,487,487,487,487,375,489,489,489,489,489,489,
489,489,489,489,489,489,489,489,489,489,489,489,489,489,489,489,489,489,489,489,489,489,489,489,489,489,489,489,489,489,
489,489,489,489,489,489,489,423,487,487,421,489,489,489,489,489,489,489,489,489,489,489,489,489,489,489,489,489,489,489,
489,489,489,489,489,489,423,487,444,446,487,489,489,489,489,489,489,489,423,487,487,487,487,421,489,489,489,489,489,489,
489,489,489,489,489,489,487,444,558,469,487,489,489,489,489,489,489,423,487,513,514,514,515,487,421,489,489,489,489,489,
489,489,489,489,489,489,487,467,143,469,487,489,489,489,489,489,423,487,513,555,48,48,553,515,487,489,489,489,489,489,
489,489,489,489,489,489,487,467,143,469,487,421,489,489,489,423,487,513,555,48,48,48,48,530,487,489,489,489,489,489,
489,489,489,489,489,489,487,490,512,556,446,487,489,489,489,487,513,555,48,48,48,48,48,530,487,489,489,489,489,489,
489,489,489,489,489,489,377,487,467,143,469,487,489,489,489,487,532,48,48,48,48,48,48,530,487,489,489,489,489,489,
489,489,489,489,489,489,489,487,467,510,492,487,489,489,489,487,532,48,48,48,48,48,507,561,487,489,489,489,489,489,
489,489,489,489,489,489,489,487,490,492,487,375,489,489,489,487,559,509,48,48,48,507,561,487,375,489,489,489,489,489,
489,489,489,489,489,489,489,377,487,487,375,489,489,489,489,377,487,532,48,48,507,561,487,375,489,489,489,489,489,489

[layer]
type=Calque 2
data=
0,0,0,0,186,186,302,303,0,0,0,0,0,0,0,0,0,0,0,0,0,0,0,187,279,280,0,0,0,0,
0,0,0,0,186,0,277,278,0,0,0,0,0,0,0,0,0,0,0,0,279,280,0,210,302,303,0,0,0,0,
0,0,0,0,0,186,300,301,185,279,280,0,0,0,0,0,0,0,0,0,302,303,187,162,277,278,0,0,0,0,
0,0,0,0,186,186,186,186,186,302,303,0,0,0,0,0,0,0,0,0,277,278,187,164,300,301,0,0,0,0,
0,0,0,0,0,0,0,0,0,277,278,0,0,0,0,0,0,0,0,0,300,301,0,164,0,0,0,0,0,0,
0,0,0,0,0,0,0,0,0,300,301,0,0,0,0,0,0,0,0,0,0,0,0,0,0,0,0,0,0,0,
0,0,0,0,0,0,0,0,0,0,0,0,0,0,0,0,0,0,0,0,0,0,0,0,0,0,0,0,0,0,
0,0,0,0,0,0,0,0,0,0,0,0,0,0,0,0,0,0,0,0,0,0,0,0,0,0,0,0,0,0,
0,0,0,0,0,0,0,0,0,0,0,0,0,0,0,0,0,0,0,0,0,0,0,0,0,0,0,0,0,0,
0,0,0,0,0,0,0,0,0,0,0,0,0,0,0,0,0,0,0,0,0,0,0,0,0,0,0,0,0,0,
0,0,0,0,0,0,0,0,0,0,0,0,0,0,0,0,0,0,0,0,0,0,0,0,0,0,0,0,0,0,
0,0,0,0,0,0,0,0,0,0,0,0,0,0,0,0,0,0,0,0,0,0,0,0,0,0,0,0,0,0,
0,0,0,0,0,0,0,0,0,0,0,0,0,0,0,0,0,0,0,0,0,0,0,0,0,0,0,0,0,0,
0,0,0,0,0,0,0,0,0,0,0,0,0,0,0,0,0,0,0,0,0,0,0,0,0,0,0,0,0,0,
0,0,0,0,0,0,0,0,0,0,0,0,0,0,0,0,0,0,0,0,0,0,0,0,0,0,0,0,0,0,
0,0,0,0,0,0,0,0,0,0,0,0,0,0,0,0,0,0,0,0,0,0,0,0,0,0,0,0,0,0,
0,0,0,0,0,0,0,0,0,0,0,0,0,0,0,0,0,0,0,0,0,0,0,0,0,0,0,0,0,0,
0,0,0,0,0,0,0,0,0,0,0,0,0,0,0,0,0,0,0,0,0,0,0,0,0,0,0,0,0,0,
0,0,0,0,0,0,0,0,0,0,0,0,0,0,0,0,0,0,0,0,0,0,0,0,0,0,0,0,0,0

