[header]
width=30
height=19
tilewidth=32
tileheight=32
orientation=orthogonal

[tilesets]
tileset=C:/Users/Mathis/Desktop/32x32_map_tile v3.1 [MARGINLESS].png,32,32,0,0

[layer]
type=Calque de Tile 1
data=
489,489,489,489,489,489,489,489,489,489,489,400,536,48,48,538,398,489,489,489,489,489,489,489,489,489,489,489,489,489,
489,489,489,489,489,489,489,489,489,489,489,400,536,48,48,538,398,489,489,489,489,489,489,489,489,489,489,489,489,489,
489,489,489,489,489,489,489,489,489,489,489,400,536,48,48,538,398,489,489,489,489,489,489,489,489,489,489,489,489,489,
489,489,489,371,422,422,422,422,372,489,489,400,536,48,48,538,398,489,489,489,371,422,422,422,422,372,489,489,489,489,
489,489,489,400,513,514,514,515,398,489,489,400,536,48,48,538,398,489,489,489,400,513,514,514,515,398,489,489,489,489,
489,489,489,400,536,48,48,538,398,489,489,400,536,48,48,538,398,489,489,489,400,536,48,48,538,398,489,489,489,489,
489,489,489,400,536,48,48,538,398,489,489,400,559,560,560,561,398,489,489,489,400,536,48,48,538,398,489,489,489,489,
489,489,489,400,536,48,48,538,398,489,489,369,376,376,376,376,370,489,489,489,400,536,48,48,538,398,489,489,489,489,
489,489,489,400,536,48,48,538,398,489,489,489,489,489,489,489,489,489,489,489,400,536,48,48,538,398,489,489,489,489,
489,489,489,400,536,48,48,538,398,489,489,489,489,489,489,489,489,489,489,489,400,536,48,48,538,398,489,489,489,489,
489,489,489,400,536,48,48,538,398,489,489,489,489,489,489,489,489,489,489,489,400,536,48,48,538,398,489,489,489,489,
489,489,489,400,536,48,48,538,398,489,489,371,422,422,422,422,372,489,489,489,400,536,48,48,538,398,489,489,489,489,
489,489,489,400,536,48,48,538,398,489,489,400,513,514,514,515,398,489,489,489,400,536,48,48,538,398,489,489,489,489,
489,489,489,400,536,48,48,538,398,489,489,400,536,48,48,538,398,489,489,489,400,536,48,48,538,398,489,489,489,489,
489,489,489,400,559,560,560,561,398,489,489,400,536,48,48,538,398,489,489,489,400,559,560,560,561,398,489,489,489,489,
489,489,489,369,376,376,376,376,370,489,489,400,536,48,48,538,398,489,489,489,369,376,376,376,376,370,489,489,489,489,
489,489,489,489,489,489,489,489,489,489,489,400,536,48,48,538,398,489,489,489,489,489,489,489,489,489,489,489,489,489,
489,489,489,489,489,489,489,489,489,489,489,400,536,48,48,538,398,489,489,489,489,489,489,489,489,489,489,489,489,489,
489,489,489,489,489,489,489,489,489,489,489,400,536,48,48,538,398,489,489,489,489,489,489,489,489,489,489,489,489,489

[layer]
type=Calque 2
data=
0,0,0,0,0,0,0,0,0,0,0,0,0,277,278,0,0,0,0,0,0,0,0,0,0,0,0,0,0,0,
0,0,0,0,0,0,279,280,0,0,0,0,0,300,301,0,0,0,0,0,0,0,279,280,0,0,0,0,0,0,
0,0,0,0,0,0,302,303,0,0,0,0,0,0,0,0,0,0,0,0,0,0,302,303,0,0,0,0,0,0,
0,0,0,0,0,0,302,303,0,0,0,0,0,186,186,0,0,0,0,0,0,0,302,303,0,0,0,0,0,0,
0,0,0,0,0,0,277,278,0,0,0,0,0,186,0,0,0,0,0,0,0,0,277,278,0,0,0,0,0,0,
0,0,0,0,0,0,300,301,0,0,0,0,0,0,0,0,0,0,0,0,0,0,300,301,0,0,0,0,0,0,
0,0,0,0,0,187,187,0,0,0,0,0,0,0,0,0,0,0,0,0,0,0,0,0,0,0,0,0,0,0,
0,0,0,0,0,162,187,0,0,0,0,0,0,0,0,0,0,0,0,0,0,0,0,0,0,0,0,0,0,0,
0,0,0,0,0,0,187,0,0,0,0,0,0,0,0,0,0,0,0,0,0,0,279,280,0,0,0,0,0,0,
0,0,0,0,0,279,280,0,0,0,0,0,279,280,0,0,0,0,0,0,0,0,302,303,0,0,0,0,0,0,
0,0,0,0,0,302,303,0,0,0,0,0,302,303,0,0,0,0,0,0,0,0,277,278,0,0,0,0,0,0,
0,0,0,0,0,277,278,0,0,0,0,0,302,303,0,0,0,0,0,0,0,0,300,301,0,0,0,0,0,0,
0,0,0,0,0,300,301,0,0,0,0,0,277,278,0,0,0,0,0,0,0,0,0,0,0,0,0,0,0,0,
0,0,0,0,0,0,0,0,0,0,0,0,300,301,0,0,0,0,0,0,0,0,0,0,0,0,0,0,0,0,
0,0,0,0,0,0,0,0,0,0,0,0,0,0,0,0,0,0,0,0,0,0,0,0,0,0,0,0,0,0,
0,0,0,0,0,0,0,0,0,0,0,0,0,0,0,0,0,0,0,0,0,0,0,0,0,0,0,0,0,0,
0,0,0,0,0,0,0,0,0,0,0,0,0,0,186,0,0,0,0,0,0,0,0,0,0,0,0,0,0,0,
0,0,0,0,0,0,0,0,0,0,0,0,0,186,185,0,0,0,0,0,0,0,0,0,0,0,0,0,0,0,
0,0,0,0,0,0,0,0,0,0,0,0,0,186,186,0,0,0,0,0,0,0,0,0,0,0,0,0,0,0

