[header]
width=30
height=19
tilewidth=32
tileheight=32
orientation=orthogonal

[tilesets]
tileset=C:/Users/Mathis/Desktop/32x32_map_tile v3.1 [MARGINLESS].png,32,32,0,0

[layer]
type=Calque de Tile 1
data=
48,48,48,48,48,48,48,48,48,48,48,48,538,487,487,487,487,536,48,48,48,48,48,48,48,48,48,48,48,48,
48,48,48,48,48,48,48,48,48,48,48,48,538,487,487,487,487,536,48,48,48,48,48,48,48,48,48,48,48,48,
48,48,48,48,48,48,48,48,48,48,48,48,538,487,487,487,487,536,48,48,48,48,48,48,48,48,48,48,48,48,
48,48,48,48,48,48,48,48,48,48,48,507,561,487,487,487,487,536,48,48,48,48,48,48,48,48,48,48,48,48,
48,48,48,48,48,48,48,48,48,48,507,561,487,487,487,487,487,559,509,48,48,48,48,48,48,48,48,48,48,48,
48,48,48,48,48,48,48,48,48,507,561,487,487,487,487,487,487,487,559,509,48,48,48,48,48,48,48,48,48,48,
48,48,48,48,48,48,48,48,507,561,487,487,487,487,487,487,487,487,487,559,509,48,48,48,48,48,48,48,48,48,
48,48,48,48,48,48,48,507,561,487,487,487,487,487,487,487,487,487,487,487,536,48,48,48,48,48,48,48,48,48,
48,48,48,48,48,48,507,561,487,487,487,487,487,487,487,487,487,487,487,487,559,560,509,48,48,48,48,48,48,48,
48,48,48,48,48,507,561,487,487,487,487,487,487,487,487,487,487,487,487,487,487,487,559,509,48,48,48,48,48,48,
48,48,48,507,560,561,487,487,487,487,487,487,487,487,487,487,487,487,487,487,487,487,487,559,509,48,48,48,48,48,
48,48,507,561,487,487,487,487,487,513,514,514,515,487,487,487,487,513,515,487,487,487,487,487,559,509,48,48,48,48,
560,560,561,487,487,487,487,487,513,555,48,48,530,487,487,487,487,532,553,515,487,487,487,487,487,559,509,48,48,48,
487,487,487,487,487,487,487,487,532,48,48,48,530,487,487,487,487,532,48,553,515,487,487,487,487,487,559,560,509,48,
487,487,487,487,487,487,513,514,555,48,48,48,530,487,487,487,487,532,48,48,553,515,487,487,487,487,487,487,559,560,
487,487,487,487,487,513,555,48,48,48,48,48,530,487,487,487,487,532,48,48,48,553,514,515,487,487,487,487,487,487,
487,487,487,487,513,555,48,48,48,48,48,48,530,487,487,487,487,532,48,48,48,48,48,553,515,487,487,487,487,487,
487,487,487,513,555,48,48,48,48,48,48,48,530,487,487,487,487,532,48,48,48,48,48,48,553,515,487,487,487,487,
487,487,513,555,48,48,48,48,48,48,48,48,530,487,487,487,487,532,48,48,48,48,48,48,48,553,515,487,487,487

[layer]
type=Calque 2
data=
300,301,0,0,0,0,277,278,0,0,302,303,0,0,0,0,0,0,186,279,280,0,302,303,0,0,302,303,0,279,
0,0,209,209,0,0,300,301,0,0,277,278,0,0,0,0,0,0,186,302,303,0,277,278,0,0,277,278,0,302,
279,280,186,185,209,0,0,0,0,0,300,301,0,0,0,0,0,0,186,277,278,186,300,301,185,186,300,301,0,277,
302,303,0,186,209,0,279,280,0,0,0,0,0,0,0,0,0,0,0,300,301,186,279,280,186,186,0,0,0,300,
277,278,0,0,0,0,302,303,0,0,0,0,0,0,0,0,0,0,0,0,0,0,302,303,0,0,279,280,0,0,
300,301,0,0,0,0,277,278,0,0,0,0,0,0,0,0,0,0,0,0,0,0,277,278,0,0,302,303,0,0,
0,0,163,0,0,0,300,301,0,0,0,0,0,0,0,0,0,0,0,0,0,0,300,301,187,187,277,278,0,163,
279,280,0,0,0,0,0,0,0,0,0,0,0,0,0,0,0,0,0,0,0,0,0,164,187,187,300,301,0,0,
302,303,0,0,0,0,0,0,0,279,280,0,0,0,0,0,0,0,0,0,0,0,0,0,0,210,187,0,0,0,
277,278,0,0,0,0,0,0,0,302,303,0,0,0,0,0,0,0,0,0,0,0,0,0,0,0,0,279,280,0,
300,301,0,0,0,0,0,0,0,302,303,0,0,0,0,0,0,0,0,279,280,0,0,0,0,0,0,302,303,0,
0,0,0,0,0,0,0,279,280,277,278,0,0,0,0,0,0,0,0,302,303,0,0,0,0,0,0,277,278,0,
0,0,0,0,0,0,0,302,303,300,301,0,0,0,0,0,0,0,0,302,303,279,280,0,0,0,0,300,301,0,
0,0,0,0,279,280,0,302,303,0,279,280,0,0,0,0,0,0,0,277,278,302,303,0,0,0,0,0,0,0,
0,0,0,0,302,303,0,277,278,0,302,303,0,0,0,0,0,0,0,300,301,302,303,279,280,0,0,0,0,0,
0,0,0,0,302,303,0,300,301,0,302,303,0,0,0,0,0,0,0,0,0,277,278,302,303,0,0,0,0,0,
0,0,0,0,277,278,0,0,0,0,277,278,0,0,0,0,0,0,0,0,0,300,301,302,303,0,0,0,0,0,
0,0,0,0,300,301,0,0,0,0,300,301,0,0,0,0,0,0,0,0,0,0,0,277,278,0,0,0,0,0,
0,0,0,0,0,0,0,0,0,0,0,0,0,0,0,0,0,0,0,187,164,187,0,300,301,0,0,0,0,0

