[header]
width=30
height=19
tilewidth=32
tileheight=32
orientation=orthogonal

[tilesets]
tileset=C:/Users/Mathis/Desktop/32x32_map_tile v3.1 [MARGINLESS].png,32,32,0,0

[layer]
type=Calque de Tile 1
data=
553,515,487,487,487,487,487,487,487,487,487,487,487,487,487,487,487,487,487,487,487,487,487,487,487,487,487,487,487,487,
48,553,515,487,487,487,487,487,487,487,487,487,487,487,487,487,487,487,487,487,487,487,487,487,487,487,487,487,487,487,
48,48,553,514,515,487,487,487,487,487,487,487,487,487,487,487,487,487,487,487,487,487,487,487,487,487,487,487,487,487,
48,48,48,48,553,514,515,487,487,487,487,487,487,487,487,487,487,487,487,487,487,487,487,487,487,487,487,487,487,487,
48,48,48,48,48,48,553,515,487,487,487,487,487,487,487,487,487,487,487,487,487,487,487,487,487,487,487,487,487,487,
48,48,48,48,48,48,48,553,514,515,487,487,487,487,487,487,487,487,487,487,487,487,487,487,487,487,487,487,487,487,
48,48,48,48,48,48,48,48,48,553,515,487,487,487,487,487,487,487,487,487,487,487,487,487,487,487,487,487,487,487,
48,48,48,48,48,48,48,48,48,48,538,487,487,487,487,487,487,487,487,487,487,487,487,487,487,487,487,487,487,487,
48,48,48,48,48,48,48,48,48,48,538,487,487,487,487,487,487,487,487,487,487,487,487,487,487,487,487,487,487,487,
560,560,560,560,560,560,560,560,560,560,561,487,487,487,487,487,487,487,487,487,487,487,487,487,487,487,487,487,487,487,
487,487,487,487,487,487,487,487,487,487,487,487,487,487,487,487,487,487,487,487,487,487,487,487,487,487,487,487,487,487,
487,487,487,487,487,487,487,487,487,487,487,487,487,487,487,487,487,487,487,487,487,487,487,487,487,487,487,487,487,487,
487,487,487,487,487,487,487,487,487,487,487,487,487,487,487,487,487,487,487,487,487,487,487,487,487,487,487,487,487,487,
487,487,487,487,487,487,487,487,487,487,513,514,514,514,515,487,487,487,487,487,487,487,487,487,487,487,487,487,487,487,
487,487,487,487,487,487,487,513,514,514,555,48,48,48,553,515,487,487,487,487,487,487,487,487,487,487,487,487,487,487,
487,487,487,513,514,514,514,555,48,48,48,48,48,48,48,553,514,515,487,487,487,487,487,487,487,487,487,487,487,487,
513,514,514,555,48,48,48,48,48,48,48,48,48,48,48,48,48,553,514,514,515,487,487,487,487,487,487,487,487,487,
555,48,48,48,48,48,48,48,48,48,48,48,48,48,48,48,48,48,48,48,553,514,515,487,487,487,487,487,487,487,
48,48,48,48,48,48,48,48,48,48,48,48,48,48,48,48,48,48,48,48,48,48,553,515,487,487,487,487,487,487

[layer]
type=Calque 2
data=
0,0,0,0,0,0,0,0,0,0,0,0,0,0,0,0,0,0,0,0,0,0,0,0,0,0,0,0,0,0,
0,279,280,0,0,0,0,0,0,0,0,0,0,0,0,0,0,0,0,0,0,0,0,0,0,0,0,0,0,0,
0,302,303,0,0,0,0,0,0,0,0,0,0,0,0,0,0,0,0,0,0,0,0,0,0,0,0,0,0,0,
0,302,303,0,0,0,0,0,0,0,0,0,0,0,0,0,0,0,0,0,0,0,0,0,0,0,0,0,0,0,
0,277,278,0,279,280,0,0,0,0,0,0,0,0,0,0,0,0,0,0,0,0,0,0,0,0,0,0,0,0,
0,300,301,0,302,303,0,0,0,0,0,0,0,0,0,0,0,0,0,0,0,0,0,0,0,0,0,0,0,0,
187,0,0,0,277,278,0,0,0,0,0,0,0,0,0,0,0,0,0,0,0,0,0,0,0,0,0,0,0,0,
187,187,0,0,300,301,0,0,0,0,0,0,0,0,0,0,0,0,0,0,0,0,0,0,0,0,0,0,0,0,
162,187,187,0,0,0,0,0,0,0,0,0,0,0,0,0,0,0,0,0,0,0,0,0,0,0,0,0,0,0,
0,0,0,0,0,0,0,0,0,0,0,0,0,0,0,0,0,0,0,0,0,0,0,0,0,0,0,0,0,0,
0,0,0,0,0,0,0,0,0,0,0,0,0,0,0,0,0,0,0,0,0,0,0,0,0,0,0,0,0,0,
0,0,0,0,0,0,0,0,279,280,0,0,0,0,0,0,0,0,0,0,0,0,0,0,0,0,0,0,0,0,
0,0,0,0,0,0,0,0,302,303,0,0,0,0,0,0,0,0,0,0,0,0,0,0,0,0,0,0,0,0,
0,0,0,0,0,0,0,0,302,303,0,0,0,0,0,0,0,0,0,0,0,0,0,0,0,0,0,0,0,0,
0,0,0,0,0,0,0,0,277,278,0,0,0,0,0,0,0,0,0,0,0,0,0,0,0,0,0,0,0,0,
0,0,0,0,0,0,0,0,300,301,0,0,0,0,0,0,0,279,280,0,0,0,0,0,0,0,0,0,0,0,
0,0,0,0,0,0,258,0,0,0,0,232,186,232,0,0,0,302,303,0,0,0,0,0,0,0,0,0,0,0,
0,0,0,0,0,0,257,304,0,0,186,232,185,186,0,0,0,277,278,0,0,0,0,0,0,0,0,0,0,0,
0,0,0,0,0,0,0,0,0,0,0,0,0,0,0,0,0,300,301,0,0,0,0,0,0,0,0,0,0,0

