[header]
width=30
height=19
tilewidth=32
tileheight=32
orientation=orthogonal

[tilesets]
tileset=C:/Users/Mathis/Desktop/32x32_map_tile v3.1 [MARGINLESS].png,32,32,0,0

[layer]
type=Calque de Tile 1
data=
48,48,48,48,48,48,48,48,48,48,48,48,48,48,48,48,48,48,48,48,48,48,48,538,487,487,487,487,487,487,
508,508,508,508,508,509,48,48,48,48,48,48,48,48,48,48,48,48,48,48,48,48,48,538,487,487,487,487,487,487,
487,487,487,487,487,559,509,48,48,48,48,48,48,48,48,48,48,48,48,48,48,48,48,538,487,487,487,487,487,487,
487,487,487,487,487,487,559,508,509,48,48,48,48,48,48,48,48,48,48,48,48,507,508,561,487,487,487,487,487,487,
487,487,487,487,487,487,487,487,559,508,509,48,48,48,48,48,48,48,48,48,48,538,487,487,487,487,487,487,487,487,
487,487,487,487,487,487,487,487,487,487,559,508,508,508,508,508,508,508,508,508,508,561,487,487,487,487,487,487,487,487,
487,487,487,487,487,487,487,487,487,487,487,487,487,487,487,487,487,487,487,487,487,487,487,487,487,487,487,487,487,487,
487,487,487,487,487,487,487,487,487,487,487,487,487,487,487,487,487,487,487,487,487,487,487,487,487,487,487,487,487,487,
487,487,487,487,487,487,487,487,487,487,487,487,487,487,487,487,487,487,487,487,487,487,487,487,487,487,487,487,487,487,
487,487,487,487,487,487,487,487,487,487,487,487,487,487,487,487,487,487,487,487,487,487,487,487,487,487,487,487,487,487,
487,487,487,487,487,487,487,487,487,487,487,487,487,487,487,487,487,487,487,487,487,487,487,487,487,487,487,487,487,487,
487,487,487,487,487,487,487,487,487,487,487,487,487,487,487,487,487,487,487,487,487,487,487,487,487,487,487,487,487,487,
487,487,487,487,487,487,487,487,487,487,487,487,487,487,487,487,487,487,487,487,487,487,487,487,487,487,487,487,487,487,
487,487,487,487,487,487,487,487,487,487,487,487,487,487,487,513,554,554,554,554,554,554,554,554,515,487,487,487,487,487,
487,487,487,487,487,487,487,487,487,487,487,487,513,554,554,555,48,48,48,48,48,48,48,48,538,487,487,487,487,487,
487,487,487,487,487,513,554,554,554,554,554,554,555,48,48,48,48,48,48,48,48,48,48,48,553,554,554,515,487,487,
487,487,487,487,513,555,48,48,48,48,48,48,48,48,48,48,48,48,48,48,48,48,48,48,48,48,48,553,554,554,
554,554,554,554,555,48,48,48,48,48,48,48,48,48,48,48,48,48,48,48,48,48,48,48,48,48,48,48,48,48,
48,48,48,48,48,48,48,48,48,48,48,48,48,48,48,48,48,48,48,48,48,48,48,48,48,48,48,48,48,48

[layer]
type=Calque 2
data=
0,186,186,209,255,0,232,300,301,0,279,280,0,0,187,187,0,0,0,277,278,0,0,0,0,0,0,0,0,0,
0,0,0,0,0,0,0,0,0,0,302,303,187,187,187,0,0,0,0,300,301,0,0,0,0,0,0,0,0,0,
0,0,0,0,0,0,0,0,0,0,277,278,187,187,187,0,162,0,0,324,323,0,0,0,0,0,0,0,0,0,
0,0,0,0,0,0,0,0,0,0,300,301,0,187,187,0,0,0,0,323,325,0,0,0,0,0,0,0,0,0,
0,0,0,0,0,0,0,0,0,0,0,0,0,0,0,0,0,0,0,0,0,0,0,0,0,0,0,0,0,0,
0,0,0,0,0,0,0,0,0,0,0,0,0,0,0,0,0,0,0,0,0,0,0,0,0,0,0,0,0,0,
0,0,0,0,0,0,0,0,0,0,0,0,0,0,0,0,0,0,0,0,0,0,0,0,0,0,0,0,0,0,
0,0,0,0,0,0,0,0,0,0,0,0,0,0,0,0,0,0,0,0,0,0,0,0,0,0,0,0,0,0,
0,0,0,0,0,0,0,0,0,0,0,0,0,0,0,0,0,0,0,0,0,0,0,0,0,0,0,0,0,0,
0,0,0,0,0,0,0,0,0,0,0,0,0,0,0,0,0,0,0,0,0,0,0,0,0,0,0,0,0,0,
0,0,0,0,0,0,0,0,0,0,0,0,0,0,0,0,0,0,0,0,0,0,0,0,0,0,0,0,0,0,
0,0,0,0,0,0,0,0,0,0,0,0,0,0,0,0,0,0,0,0,0,0,279,280,0,0,0,0,0,0,
0,0,0,0,0,0,0,0,0,0,0,0,0,0,0,0,0,0,0,0,0,0,302,303,0,0,0,0,0,0,
0,0,0,0,0,0,0,0,0,0,279,280,0,0,0,0,0,0,0,0,0,0,277,278,0,0,0,0,0,0,
0,0,0,0,0,0,0,0,0,0,302,303,0,0,0,0,0,0,0,0,0,0,300,301,0,0,0,0,0,0,
0,0,0,0,0,0,0,0,0,0,277,278,0,279,280,0,0,0,186,186,0,0,0,0,0,0,0,0,0,0,
0,0,0,0,0,0,0,0,0,0,300,301,0,302,303,0,0,186,186,186,186,0,0,0,0,0,0,0,0,0,
0,0,0,0,0,232,0,0,0,0,0,0,0,277,278,0,0,186,186,186,186,186,0,0,0,0,0,279,280,0,
0,0,0,0,0,208,232,0,0,0,0,0,0,300,301,0,0,186,186,186,186,186,0,0,0,0,163,302,303,0

