[header]
width=30
height=19
tilewidth=32
tileheight=32
orientation=orthogonal

[tilesets]
tileset=C:/Users/Mathis/Desktop/32x32_map_tile v3.1 [MARGINLESS].png,32,32,0,0

[layer]
type=Calque de Tile 1
data=
487,487,487,487,487,487,487,487,487,487,487,487,487,487,487,487,487,487,487,487,487,487,487,487,487,487,487,487,487,487,
487,487,487,487,487,487,487,487,487,487,487,487,487,487,487,487,487,487,487,487,487,487,487,487,487,487,487,487,487,487,
487,487,487,487,487,487,487,487,487,487,487,487,487,487,487,487,487,487,487,487,487,487,487,487,487,487,487,487,487,487,
554,554,554,554,554,515,487,487,487,487,513,554,554,554,554,554,554,554,554,554,515,487,487,487,487,513,554,554,554,554,
48,48,48,48,48,530,487,487,487,487,536,48,48,48,48,48,48,48,48,48,530,487,487,487,487,536,48,48,48,48,
48,48,48,48,48,530,487,487,487,487,559,508,508,508,508,508,508,508,508,508,561,487,487,487,487,536,48,48,48,48,
48,48,48,48,48,553,515,487,487,487,487,487,487,487,487,487,487,487,487,487,487,487,487,513,554,555,48,48,48,48,
48,48,48,48,48,48,553,515,487,487,487,487,487,487,487,487,487,487,487,487,487,487,513,555,48,48,48,48,48,48,
48,48,48,48,48,48,48,553,515,487,487,487,487,513,554,554,515,487,487,487,487,513,555,48,48,48,48,48,48,48,
48,48,48,48,48,48,48,48,530,487,487,487,487,536,48,48,530,487,487,487,487,536,48,48,48,48,48,48,48,48,
508,508,508,508,508,508,508,508,561,487,487,487,487,559,508,508,561,487,487,487,487,559,508,508,508,508,508,508,508,508,
487,487,487,487,487,487,487,487,487,487,487,487,487,487,487,487,487,487,487,487,487,487,487,487,487,487,487,487,487,487,
487,487,487,487,487,487,487,487,487,487,487,487,487,487,487,487,487,487,487,487,487,487,487,487,487,487,487,487,487,487,
554,554,554,554,554,554,554,554,554,554,515,487,487,487,487,487,487,487,487,513,554,554,554,554,554,554,554,554,554,554,
48,48,48,48,48,48,48,48,48,48,530,487,487,487,487,487,487,487,487,536,48,48,48,48,48,48,48,48,48,48,
508,508,508,508,508,508,508,508,508,508,561,487,487,487,487,487,487,487,487,559,508,508,508,508,508,508,508,508,508,508,
487,487,487,487,487,487,487,487,487,487,487,487,487,487,487,487,487,487,487,487,487,487,487,487,487,487,487,487,487,487,
487,487,487,487,487,487,487,487,487,487,487,487,487,487,487,487,487,487,487,487,487,487,487,487,487,487,487,487,487,487,
487,487,487,487,487,487,487,487,487,487,487,487,487,487,487,487,487,487,487,487,487,487,487,487,487,487,487,487,487,487

[layer]
type=Calque 2
data=
0,0,0,0,0,0,0,0,0,0,0,0,0,0,0,0,0,0,0,0,0,0,0,0,0,0,0,0,0,0,
279,280,0,0,0,0,0,0,0,0,0,0,0,0,0,0,0,279,280,0,0,0,0,0,0,0,0,0,0,0,
302,303,0,0,0,0,0,0,0,0,0,0,0,0,0,0,0,302,303,0,0,0,0,0,0,0,0,0,0,0,
277,278,0,0,0,0,0,0,0,0,0,0,0,0,0,0,0,277,278,0,0,0,0,0,0,254,0,0,0,0,
300,301,0,0,0,0,0,0,0,0,0,0,164,187,187,0,0,300,301,0,0,0,279,280,0,0,0,185,164,186,
0,0,0,0,0,0,0,279,280,0,0,0,0,0,0,0,0,0,0,0,0,0,302,303,0,0,0,187,209,186,
0,0,279,280,0,0,0,302,303,0,0,0,0,0,0,0,0,0,0,0,0,0,302,303,0,0,0,279,280,0,
0,0,302,303,0,0,0,302,303,0,0,0,0,0,0,0,0,0,0,0,0,0,277,278,0,0,0,302,303,0,
0,0,277,278,0,0,0,277,278,0,0,0,0,0,0,0,0,0,0,0,0,0,300,301,0,0,0,277,278,0,
0,0,300,301,0,258,304,300,301,0,0,0,0,0,233,141,0,0,0,0,0,0,0,186,185,209,0,300,301,0,
0,0,279,280,0,0,0,0,0,279,280,0,0,0,0,0,0,0,0,0,0,0,0,0,279,280,0,0,279,280,
0,0,302,303,0,0,0,0,0,302,303,0,0,0,0,0,0,0,0,0,0,0,0,0,302,303,0,0,302,303,
0,0,302,303,0,0,0,0,0,302,303,0,0,0,0,0,0,0,0,0,0,0,0,0,302,303,0,0,302,303,
0,0,277,278,0,0,0,0,0,277,278,0,0,0,0,0,0,0,0,0,0,0,0,0,277,278,0,0,277,278,
0,0,300,301,141,139,233,233,0,300,301,0,0,0,0,0,0,0,0,0,164,187,164,187,300,301,0,0,300,301,
0,0,0,0,0,0,0,0,0,0,0,0,0,0,0,0,0,0,0,0,0,0,0,0,0,0,0,0,0,0,
0,0,0,0,0,0,0,0,0,0,0,0,0,0,0,0,0,0,0,0,0,0,0,0,0,0,0,0,0,0,
0,0,0,0,0,0,0,0,0,0,0,0,0,0,0,0,0,0,0,0,0,0,0,0,0,0,0,0,0,0,
0,0,0,0,0,0,0,0,0,0,0,0,0,0,0,0,0,0,0,0,0,0,0,0,0,0,0,0,0,0

