[header]
width=30
height=19
tilewidth=32
tileheight=32
orientation=orthogonal

[tilesets]
tileset=C:/Users/Mathis/Desktop/32x32_map_tile v3.1 [MARGINLESS].png,32,32,0,0

[layer]
type=Calque de Tile 1
data=
487,487,559,509,48,48,48,48,48,48,48,48,48,48,48,48,48,48,48,48,48,48,48,48,507,561,487,487,487,487,
487,487,487,559,508,508,508,509,48,48,48,48,48,48,48,48,48,48,48,48,48,48,507,508,561,487,487,487,487,487,
487,487,487,487,487,487,487,559,509,48,48,48,48,48,48,48,48,48,48,48,48,507,561,487,487,487,487,487,487,487,
487,487,487,487,487,487,487,487,559,509,48,48,48,48,487,487,48,48,48,48,507,561,487,487,487,487,487,487,487,487,
487,487,487,487,487,487,487,487,487,559,509,48,48,48,487,487,48,48,48,507,561,487,487,487,487,487,487,487,487,487,
487,487,487,487,487,487,487,487,487,487,559,508,508,508,487,487,508,508,508,561,487,487,487,487,487,487,487,487,487,487,
487,487,487,487,487,487,487,487,487,487,487,487,487,487,487,487,487,487,487,487,487,487,487,487,487,487,487,487,487,487,
487,487,487,487,487,487,487,487,487,487,487,487,487,487,487,487,487,487,487,487,487,487,487,487,487,487,487,487,487,487,
487,487,487,487,487,487,487,487,487,487,487,487,487,487,487,487,487,487,487,487,487,487,487,487,487,487,487,487,487,487,
487,487,487,487,487,487,487,487,487,487,487,487,487,487,487,487,487,487,487,487,487,487,487,487,487,487,487,487,487,487,
487,487,487,487,487,487,487,487,487,487,487,487,487,487,487,487,487,487,487,487,487,487,487,487,487,487,487,487,487,487,
487,487,487,487,487,487,487,487,487,487,487,487,487,487,487,487,487,487,487,487,487,487,487,487,487,487,487,487,487,487,
487,487,487,487,487,487,487,487,487,487,487,487,487,487,487,487,487,487,487,487,487,487,487,487,487,487,487,487,487,487,
487,487,487,487,487,487,487,487,487,487,487,513,554,554,487,487,554,554,515,487,487,487,487,487,487,487,487,487,487,487,
487,487,487,487,487,487,487,487,487,487,513,555,48,48,487,487,48,48,553,554,554,554,554,554,515,487,487,487,487,487,
487,487,487,487,487,487,487,487,487,513,555,48,48,48,487,487,48,48,48,48,48,48,48,48,553,515,487,487,487,487,
487,487,487,487,487,487,487,513,554,555,48,48,48,48,48,48,48,48,48,48,48,48,48,48,48,553,515,487,487,487,
487,487,487,487,487,513,554,555,48,48,48,48,48,48,48,48,48,48,48,48,48,48,48,48,48,48,553,554,515,487,
487,487,487,487,513,555,48,48,48,48,48,48,48,48,48,48,48,48,48,48,48,48,48,48,48,48,48,48,553,487

[layer]
type=Calque 2
data=
0,0,0,0,0,0,0,0,0,0,0,97,74,74,0,0,0,0,0,0,0,0,0,0,0,0,0,0,0,0,
0,0,0,0,0,0,0,0,0,0,0,0,97,74,74,0,0,0,0,0,0,0,0,0,0,0,0,0,0,0,
0,0,0,0,0,0,0,0,0,0,0,0,0,97,74,74,0,0,0,0,0,0,0,0,0,0,0,0,0,0,
0,0,0,0,0,0,0,0,0,0,0,0,0,0,74,74,0,0,0,0,0,0,0,0,0,0,0,0,0,0,
0,0,0,0,0,0,0,0,0,0,0,0,0,0,55,55,0,0,0,0,0,0,0,0,0,0,0,0,0,0,
0,0,0,0,0,0,0,0,0,0,0,0,0,0,55,55,0,0,0,0,0,0,0,0,0,0,0,0,0,0,
0,0,0,0,0,0,0,0,0,0,0,0,0,0,55,55,0,0,0,0,0,0,0,0,0,0,0,0,0,0,
0,0,0,0,0,0,0,0,0,0,0,0,0,0,55,55,0,0,0,0,0,0,0,0,0,0,0,0,0,0,
0,0,0,0,0,0,0,0,0,0,0,0,0,0,55,55,0,0,0,0,0,0,0,0,0,0,0,0,0,0,
0,0,0,0,0,0,0,0,0,0,0,0,0,0,55,55,0,0,0,0,0,0,0,0,0,0,0,0,0,0,
0,0,0,0,0,0,0,0,0,0,0,0,0,0,55,55,0,0,0,0,0,0,0,0,0,0,0,0,0,0,
0,0,0,0,0,0,0,0,0,0,0,0,0,0,55,55,0,0,0,0,0,0,0,0,0,0,0,0,0,0,
0,0,0,0,0,0,0,0,0,0,0,0,0,0,55,55,0,0,0,0,0,0,279,280,0,0,0,0,0,0,
0,0,0,0,0,0,0,0,0,0,0,0,0,0,55,55,0,0,0,0,0,0,302,303,0,0,0,0,0,0,
0,0,0,0,0,0,0,0,0,0,0,0,0,0,55,55,0,0,0,0,0,0,277,278,0,0,0,0,0,0,
0,0,0,0,0,0,0,0,0,0,0,0,0,0,242,266,0,0,0,0,0,0,300,301,0,0,0,0,0,0,
0,0,0,0,0,0,0,0,0,0,187,162,74,74,97,97,0,0,0,0,0,0,0,0,0,0,0,0,0,0,
0,0,0,0,0,0,0,0,0,0,74,74,74,97,186,186,0,0,0,0,0,0,0,0,0,0,0,0,0,0,
0,0,0,0,0,0,0,0,0,74,74,74,97,186,186,0,0,0,0,0,0,0,0,0,0,0,0,0,0,0

