[header]
width=30
height=19
tilewidth=32
tileheight=32
orientation=orthogonal

[tilesets]
tileset=C:/Users/Mathis/Desktop/32x32_map_tile v3.1 [MARGINLESS].png,32,32,0,0

[layer]
type=Calque de Tile 1
data=
487,487,487,559,509,48,48,74,74,48,48,74,74,74,48,48,48,48,530,487,487,487,487,532,48,48,48,48,48,48,
487,487,487,487,559,509,48,487,487,74,74,74,74,48,48,48,48,48,530,487,487,487,487,532,48,48,48,48,48,48,
515,487,487,487,487,559,487,487,487,74,74,74,48,48,48,48,507,508,561,487,487,487,487,559,509,48,48,48,48,48,
553,515,487,487,487,487,487,487,509,48,48,48,48,48,48,507,561,487,487,487,487,487,487,487,559,509,48,48,48,48,
48,553,515,487,487,487,487,487,559,509,48,48,48,48,507,561,487,487,487,487,487,487,487,487,487,559,560,509,48,48,
74,48,553,487,487,487,487,487,487,559,509,48,48,507,561,487,487,487,487,487,487,487,487,487,487,487,487,559,560,560,
74,74,487,487,487,487,487,487,487,487,559,560,508,561,487,487,487,487,487,487,487,487,487,487,487,487,487,487,487,487,
48,74,487,487,553,515,487,487,487,487,487,487,487,487,487,487,487,487,487,487,487,487,487,487,487,487,487,487,487,487,
48,48,74,74,48,553,515,487,487,487,487,487,487,487,487,487,487,487,487,487,487,487,487,487,487,487,487,487,487,487,
48,74,74,48,48,48,553,515,487,487,487,487,487,487,487,487,487,487,487,487,487,487,487,487,487,487,487,487,487,487,
74,74,48,48,48,48,507,561,487,487,487,487,487,487,487,487,487,487,487,487,487,487,487,487,487,487,487,487,487,487,
74,48,48,48,507,508,561,487,487,487,487,487,487,487,487,487,487,487,487,487,487,487,487,487,487,487,487,487,487,487,
48,48,48,507,561,487,487,487,487,487,487,487,487,487,487,487,487,487,487,487,487,487,487,487,487,487,487,487,487,487,
48,48,507,561,487,487,487,487,487,487,487,487,487,487,487,487,487,487,487,487,487,487,487,487,487,487,487,487,487,487,
507,508,561,487,487,487,487,487,487,444,445,445,445,445,445,445,446,487,487,487,487,487,487,487,487,487,487,487,487,487,
561,487,487,487,487,487,487,487,487,467,143,143,143,143,143,143,556,446,487,487,487,487,487,487,487,487,487,487,487,487,
487,487,487,487,487,487,487,487,487,467,143,143,143,143,143,143,143,556,445,445,445,445,446,487,487,487,487,487,487,487,
487,487,487,487,487,487,487,487,487,467,143,143,143,143,143,143,143,143,143,143,143,143,533,487,487,487,487,487,487,487,
487,487,487,487,487,487,487,487,487,467,143,143,143,143,143,143,143,143,143,143,143,143,533,487,487,487,487,487,487,487

[layer]
type=Calque 2
data=
0,0,0,0,0,0,0,0,0,0,0,0,0,0,0,0,0,0,0,0,0,0,0,0,0,0,0,0,302,303,
0,0,0,0,0,0,0,32,32,0,0,0,0,0,0,0,0,0,0,0,0,0,0,0,0,0,0,0,277,278,
0,0,0,0,0,0,32,32,32,0,0,279,280,0,0,0,0,0,0,0,0,0,0,0,0,0,0,0,300,301,
0,0,0,0,0,32,32,32,0,0,0,302,303,0,0,0,0,0,0,0,0,0,0,0,0,0,0,0,0,0,
0,0,0,0,32,32,32,0,0,0,0,277,278,0,0,0,0,0,0,0,0,0,0,0,0,0,0,0,0,0,
280,0,0,32,32,32,0,0,0,0,0,300,301,0,0,0,0,0,0,0,0,0,0,0,0,0,0,0,0,0,
303,0,32,32,32,0,0,0,0,0,0,0,0,0,0,0,0,0,0,0,0,0,0,0,0,0,0,0,0,0,
278,0,32,32,0,0,0,0,0,0,0,0,0,0,0,0,0,0,0,0,0,0,0,0,0,0,0,0,0,0,
301,0,0,0,0,0,0,0,0,0,0,0,0,0,0,0,0,0,0,0,0,0,0,0,0,0,0,0,0,0,
0,0,0,0,0,0,0,0,0,0,0,0,0,0,0,0,0,0,0,0,0,0,0,0,0,0,0,0,0,0,
0,0,0,0,0,0,0,0,0,0,0,0,0,0,0,0,0,0,0,0,0,0,0,0,0,0,0,0,0,0,
0,0,0,0,0,0,0,0,0,0,0,0,0,0,0,0,0,0,0,0,0,0,0,0,0,0,0,0,0,0,
0,0,0,0,0,0,0,0,0,0,0,0,0,0,0,0,0,0,0,0,0,0,0,0,0,0,0,0,0,0,
0,0,0,0,0,0,0,0,0,0,0,0,0,0,0,0,0,0,0,0,0,0,0,0,0,0,0,0,0,0,
0,0,0,0,0,0,0,0,0,0,0,0,0,0,0,0,0,0,0,0,0,0,0,0,0,0,0,0,0,0,
0,0,0,0,0,0,0,0,0,0,0,323,324,0,0,0,0,0,0,0,0,0,0,0,0,0,0,0,0,0,
0,0,0,0,0,0,0,0,0,0,0,0,0,0,0,0,0,0,0,0,0,0,0,0,0,0,0,0,0,0,
0,0,0,0,0,0,0,0,0,0,0,0,0,0,0,0,0,0,0,0,0,0,0,0,0,0,0,0,0,0,
0,0,0,0,0,0,0,0,0,0,0,0,0,0,0,0,0,0,0,0,0,0,0,0,0,0,0,0,0,0

