[header]
width=30
height=19
tilewidth=32
tileheight=32
orientation=orthogonal

[tilesets]
tileset=C:/Users/Mathis/Desktop/32x32_map_tile v3.1 [MARGINLESS].png,32,32,0,0

[layer]
type=Calque de Tile 1
data=
487,487,487,487,487,487,487,487,487,532,48,48,48,48,48,48,48,48,48,48,48,48,538,487,487,487,487,487,487,487,
487,487,487,487,487,487,487,487,487,559,508,508,509,48,48,48,48,507,508,508,508,508,561,487,487,487,487,487,487,487,
487,487,487,487,487,487,487,487,487,487,487,487,559,508,508,508,508,561,487,487,487,487,487,487,487,487,487,487,487,487,
487,487,487,487,487,487,487,487,487,487,487,487,487,487,487,487,487,487,487,487,487,487,487,444,445,445,446,487,487,487,
487,487,487,487,487,487,487,487,487,487,487,487,487,444,445,445,446,487,487,487,487,487,487,490,512,510,492,487,487,487,
487,487,487,487,513,514,514,514,515,487,487,487,487,490,491,491,492,487,487,487,487,487,487,487,490,492,487,487,487,487,
487,487,487,487,536,48,48,48,553,515,487,487,487,487,487,487,487,487,487,487,487,487,487,487,487,487,487,487,487,487,
487,487,487,487,536,48,48,48,48,530,487,487,487,487,487,487,487,487,487,487,487,487,487,487,487,487,487,487,487,487,
487,487,487,487,559,560,509,48,48,530,487,487,444,446,487,487,487,487,487,487,487,487,487,487,487,487,487,487,487,487,
487,487,487,487,487,487,559,560,560,561,487,487,467,469,487,487,487,487,487,487,487,487,513,514,514,514,515,487,487,487,
487,487,487,487,487,487,487,487,487,487,487,487,467,469,487,487,487,487,487,487,487,513,555,48,48,48,530,487,487,487,
515,487,487,487,487,487,487,487,487,487,487,487,490,492,487,487,487,487,487,487,487,536,48,48,48,507,561,487,487,487,
553,514,514,515,487,487,487,487,487,487,487,487,487,487,487,487,487,487,487,487,513,555,48,48,48,530,487,487,487,487,
48,48,48,553,515,487,487,487,487,487,487,487,487,487,487,487,487,487,487,487,536,48,48,48,48,530,487,487,487,487,
48,48,48,48,553,515,487,487,487,487,487,487,487,444,445,445,446,487,487,487,536,48,48,48,507,561,487,487,487,487,
48,48,48,48,48,553,515,487,487,487,487,487,487,490,491,491,492,487,487,487,559,560,560,560,561,487,487,487,487,487,
48,48,48,48,48,48,553,514,515,487,487,487,487,487,487,487,487,487,487,487,487,487,487,487,487,487,487,487,487,487,
48,48,48,48,48,48,48,48,553,515,487,487,487,487,487,487,487,487,487,487,487,487,487,487,487,487,487,487,487,487,
48,48,48,48,48,48,48,48,48,538,487,487,487,487,487,487,487,487,487,487,487,487,487,487,487,487,487,487,487,487

[layer]
type=Calque 2
data=
0,0,0,0,0,0,0,0,0,0,0,0,0,300,301,0,186,186,185,0,0,163,0,0,0,0,0,0,0,0,
0,0,0,0,0,0,0,0,0,0,0,0,0,0,0,0,186,0,0,0,0,0,0,0,0,0,0,0,0,0,
0,0,0,0,0,0,0,0,0,0,0,0,0,0,0,0,0,0,0,0,0,0,0,0,0,0,0,0,0,0,
0,0,0,0,0,0,0,0,0,0,0,0,0,0,0,0,0,0,0,0,0,0,0,0,0,0,0,0,0,0,
0,0,0,0,0,0,0,0,0,0,0,0,0,0,0,0,0,0,0,0,0,0,0,0,0,0,0,0,0,0,
0,0,0,0,0,0,0,0,0,0,0,0,0,0,0,0,0,0,0,0,0,0,0,0,0,0,0,0,0,0,
0,0,0,0,0,187,162,0,0,0,0,0,0,0,0,0,0,0,0,0,0,0,0,0,0,0,0,0,0,0,
0,0,0,0,0,187,187,164,0,0,0,0,0,0,0,0,0,0,0,0,0,0,0,0,279,280,0,0,0,0,
0,0,0,0,0,0,0,0,0,0,0,0,0,0,0,0,0,0,0,0,0,0,0,0,302,303,0,0,0,0,
0,0,0,0,0,0,0,0,0,0,0,0,0,0,0,0,0,0,0,0,0,0,0,0,277,278,0,0,0,0,
0,0,0,0,0,0,0,0,0,0,0,0,0,0,0,0,0,0,0,0,0,0,0,0,300,301,0,0,0,0,
0,0,0,0,0,0,0,0,0,0,0,0,0,0,0,0,0,0,0,0,0,0,0,186,0,0,0,0,0,0,
0,0,0,0,0,0,0,0,0,0,0,0,0,0,0,0,0,0,0,0,0,0,186,186,186,0,0,0,0,0,
186,186,0,0,0,0,0,0,0,0,0,0,0,0,0,0,0,0,0,0,0,0,0,0,0,0,0,0,0,0,
0,186,186,0,0,0,0,0,0,0,0,0,0,0,0,0,0,0,0,0,0,0,0,0,0,0,0,0,0,0,
0,279,280,0,0,0,0,0,0,0,0,0,0,0,0,0,0,0,0,0,0,0,0,0,0,0,0,0,0,0,
0,302,303,0,0,0,0,0,0,0,0,0,0,0,0,0,0,0,0,0,0,0,0,0,0,0,0,0,0,0,
0,277,278,0,0,164,187,141,0,0,0,0,0,0,0,0,0,0,0,0,0,0,0,0,0,0,0,0,0,0,
0,300,301,0,187,187,187,141,141,0,0,0,0,0,0,0,0,0,0,0,0,0,0,0,0,0,0,0,0,0

