[header]
width=30
height=19
tilewidth=32
tileheight=32
orientation=orthogonal

[tilesets]
tileset=C:/Users/Mathis/Desktop/32x32_map_tile v3.1 [MARGINLESS].png,32,32,0,0

[layer]
type=Calque de Tile 1
data=
489,489,489,489,489,489,489,489,489,489,371,487,532,48,48,48,48,48,48,48,48,48,48,48,48,48,48,48,507,561,
489,489,489,489,489,489,489,489,371,423,487,513,555,48,48,48,48,48,48,48,48,48,48,48,48,48,48,48,530,487,
489,489,489,489,489,489,489,371,423,513,554,555,48,48,48,48,48,48,48,48,48,48,48,48,48,48,48,507,561,487,
489,489,489,489,489,489,371,423,513,555,48,48,48,48,48,48,48,48,48,48,48,48,48,48,48,48,48,530,487,370,
489,489,489,489,489,371,423,513,555,48,48,48,48,48,48,48,48,48,48,48,48,48,48,48,48,48,507,561,487,489,
489,489,489,489,371,423,513,555,48,48,48,48,48,48,48,48,48,48,48,48,48,48,48,48,48,48,530,487,370,489,
489,489,489,489,423,487,532,48,48,48,48,48,48,48,48,48,48,48,48,48,48,48,48,48,48,507,561,487,489,489,
489,489,489,371,487,513,555,48,48,48,48,48,48,48,48,48,48,48,48,48,48,48,48,48,507,561,487,370,489,489,
489,489,489,400,513,555,48,48,48,48,48,48,48,48,48,48,48,48,48,48,48,48,48,507,561,487,370,489,489,489,
489,489,489,400,532,48,48,48,48,48,48,48,48,48,48,48,48,48,48,48,48,48,507,561,487,370,489,489,489,489,
489,489,489,400,532,48,48,48,48,48,48,48,48,48,48,48,48,48,48,48,48,507,561,487,370,489,489,489,489,489,
489,489,489,400,559,509,48,48,48,48,48,48,48,48,48,48,48,48,48,507,508,561,487,370,489,489,489,489,489,489,
489,489,489,400,487,532,48,48,48,48,48,48,48,48,48,48,507,508,508,561,487,487,370,489,489,489,489,489,489,489,
489,489,489,489,487,559,508,508,508,508,509,48,48,48,507,508,561,487,487,487,370,489,489,489,489,489,489,489,489,489,
489,489,489,489,377,376,376,376,487,487,559,508,508,508,561,487,487,370,489,489,489,489,489,489,489,489,489,489,489,489,
489,489,489,489,489,489,489,489,489,377,487,376,376,376,487,487,489,489,489,489,489,489,489,489,489,489,489,489,489,489,
489,489,489,489,489,489,489,489,489,489,489,489,489,489,489,489,489,489,489,489,489,489,489,489,489,489,489,489,489,489,
489,489,489,489,489,489,489,489,489,489,489,489,489,489,489,489,489,489,489,489,489,489,489,489,489,489,489,489,489,489,
489,489,489,489,489,489,489,489,489,489,489,489,489,489,489,489,489,489,489,489,489,489,489,489,489,489,489,489,489,489

[layer]
type=Calque 2
data=
0,0,0,0,0,0,0,0,0,0,0,0,279,280,0,0,0,0,300,301,0,0,0,277,278,0,0,0,0,0,
0,0,0,0,0,0,0,0,0,0,0,0,302,303,0,0,0,0,0,0,0,0,0,300,301,0,0,0,0,0,
0,0,0,0,0,0,0,0,0,0,0,0,277,278,0,186,0,186,186,186,0,0,0,0,0,0,0,0,0,0,
0,0,0,0,0,0,0,0,0,0,0,0,300,301,186,186,186,186,279,280,0,0,0,0,0,0,0,0,0,0,
0,0,0,0,0,0,0,0,0,0,0,0,0,279,280,186,186,185,302,303,0,0,0,0,0,0,0,0,0,0,
0,0,0,0,0,0,0,0,0,279,280,0,0,302,303,186,186,186,277,278,0,0,0,0,0,0,0,0,0,0,
0,0,0,0,0,0,0,0,0,302,303,0,0,277,278,0,186,0,300,301,0,0,0,0,0,0,0,0,0,0,
0,0,0,0,0,0,0,0,0,277,278,0,0,300,301,0,0,0,0,0,0,0,0,0,0,0,0,0,0,0,
0,0,0,0,0,0,0,0,0,300,301,0,0,0,0,187,279,280,0,0,0,0,0,0,0,0,0,0,0,0,
0,0,0,0,0,233,233,233,279,280,0,0,187,187,187,187,302,303,0,0,0,0,0,0,0,0,0,0,0,0,
0,0,0,0,0,0,141,233,302,303,0,0,187,164,187,0,277,278,0,0,0,0,0,0,0,0,0,0,0,0,
0,0,0,0,0,0,233,233,277,278,0,0,0,187,187,0,300,301,0,0,0,0,0,0,0,0,0,0,0,0,
0,0,0,0,0,0,0,233,300,301,0,0,0,0,187,187,0,0,0,0,0,0,0,0,0,0,0,0,0,0,
0,0,0,0,0,0,0,0,0,0,0,0,0,0,0,0,0,0,0,0,0,0,0,0,0,0,0,0,0,0,
0,0,0,0,0,0,0,0,0,0,0,0,0,0,0,0,0,0,0,0,0,0,0,0,0,0,0,0,0,0,
0,0,0,0,0,0,0,0,0,0,0,0,0,0,0,0,0,0,0,0,0,0,0,0,0,0,0,0,0,0,
0,0,0,0,0,0,0,0,0,0,0,0,0,0,0,0,0,0,0,0,0,0,0,0,0,0,0,0,0,0,
0,0,0,0,0,0,0,0,0,0,0,0,0,0,0,0,0,0,0,0,0,0,0,0,0,0,0,0,0,0,
0,0,0,0,0,0,0,0,0,0,0,0,0,0,0,0,0,0,0,0,0,0,0,0,0,0,0,0,0,0

