[header]
width=30
height=19
tilewidth=32
tileheight=32
orientation=orthogonal

[tilesets]
tileset=C:/Users/Mathis/Desktop/32x32_map_tile v3.1 [MARGINLESS].png,32,32,0,0

[layer]
type=Calque de Tile 1
data=
48,48,530,487,487,487,487,487,487,487,487,487,487,487,487,487,487,487,487,487,487,487,487,487,487,487,487,487,487,487,
48,48,553,515,487,487,487,487,487,487,487,487,487,487,487,487,487,487,487,487,487,487,487,487,487,487,487,487,487,487,
48,48,48,553,515,487,487,487,487,487,487,487,487,487,487,487,487,487,487,487,487,487,487,487,487,487,487,487,487,487,
48,48,48,48,530,487,487,487,487,487,444,554,554,554,554,554,554,554,554,554,554,554,554,515,487,487,487,487,487,487,
48,48,48,48,530,487,487,487,487,487,536,48,48,48,48,48,48,48,48,48,48,48,48,538,487,487,487,487,487,487,
48,48,48,48,530,487,487,487,487,487,536,48,48,48,48,48,48,48,48,48,48,48,48,538,487,487,487,487,487,487,
48,48,48,48,530,487,487,487,487,487,559,560,560,560,560,560,560,560,560,560,560,560,560,561,487,487,487,487,487,487,
48,48,48,48,530,487,487,487,487,487,487,487,487,487,487,487,487,487,487,487,487,487,487,487,487,487,487,487,487,487,
48,48,48,48,530,487,487,487,487,487,487,487,487,487,487,487,487,487,487,487,487,487,487,487,487,487,487,487,487,487,
48,48,48,48,530,487,487,487,487,487,487,487,487,487,487,487,487,487,487,487,487,487,487,487,487,487,487,487,487,487,
48,48,48,48,530,487,487,487,487,487,487,487,487,487,487,487,487,487,487,487,513,514,514,514,515,487,487,487,487,487,
48,48,48,48,530,487,487,487,487,513,514,514,514,515,487,487,487,487,487,513,555,48,48,48,530,487,487,487,487,487,
48,48,48,48,530,487,487,487,487,536,48,48,48,553,515,487,487,487,487,536,48,48,48,48,530,487,487,487,487,487,
48,48,48,48,530,487,487,487,487,536,48,48,48,48,530,487,487,487,487,536,48,48,48,507,561,487,487,487,487,487,
48,48,48,48,530,487,487,487,487,559,560,509,48,48,530,487,487,487,487,559,560,560,560,561,487,487,487,487,487,487,
48,48,48,48,530,487,487,487,487,487,487,559,560,560,561,487,487,487,487,487,487,487,487,487,487,487,487,487,487,487,
48,48,48,48,530,487,487,487,487,487,487,487,487,487,487,487,487,487,487,487,487,487,487,487,487,487,487,487,487,487,
48,48,48,48,530,487,487,487,487,487,487,487,487,487,487,487,487,487,487,487,487,487,487,487,487,487,487,487,487,487,
48,48,48,48,530,487,487,487,487,487,487,487,487,487,487,487,487,487,487,487,487,487,487,487,487,487,487,487,487,487

[layer]
type=Calque 2
data=
0,0,0,0,0,0,0,0,0,0,0,0,0,0,0,0,0,0,0,0,0,0,0,0,0,0,0,0,0,0,
0,0,0,279,280,0,0,0,0,0,0,0,0,0,0,0,279,280,0,0,0,0,0,0,0,0,0,0,0,0,
279,280,0,302,303,0,0,0,0,0,0,0,0,0,0,0,302,303,0,0,0,0,0,0,0,0,0,0,0,0,
302,303,0,277,278,0,0,0,0,0,0,0,0,0,0,0,277,278,0,0,0,0,0,0,0,0,0,0,0,0,
277,278,0,300,301,0,0,0,0,0,0,0,186,186,0,0,300,301,0,0,0,0,0,0,0,0,0,0,0,0,
300,301,0,0,0,0,0,0,0,0,0,0,0,186,0,0,0,0,0,0,0,0,162,0,0,0,0,0,0,0,
186,0,0,0,0,0,0,0,0,0,0,0,0,0,0,0,0,0,0,0,0,0,0,0,0,0,0,0,0,0,
186,185,0,0,0,0,0,0,0,0,0,0,0,0,0,0,0,0,0,0,0,0,0,0,0,0,0,0,0,0,
186,232,232,0,0,0,0,0,0,0,0,0,0,0,0,0,0,0,0,0,0,0,0,0,0,0,0,0,0,0,
186,232,0,0,0,0,0,0,0,0,0,0,0,0,0,0,0,0,0,0,0,0,0,0,0,0,0,0,0,0,
0,0,0,0,0,0,0,0,0,0,0,0,0,0,0,0,0,0,0,0,0,0,0,0,0,0,0,0,0,0,
0,0,0,0,0,0,0,0,0,0,0,0,0,0,0,0,0,0,0,0,0,0,0,0,0,0,0,0,0,0,
0,0,0,0,0,0,0,0,0,0,0,0,0,0,0,0,0,0,0,0,0,186,186,0,0,0,0,0,0,0,
0,233,0,0,0,0,0,0,0,0,0,0,187,187,0,0,0,0,0,0,186,186,185,0,0,0,0,0,0,0,
280,233,0,0,0,0,0,0,0,0,0,0,162,187,0,0,0,0,0,0,0,0,0,0,0,0,0,0,0,0,
303,0,0,0,0,0,0,0,0,0,0,0,0,0,0,0,0,0,0,0,0,0,0,0,0,0,0,0,0,0,
278,0,0,0,0,0,0,0,0,0,0,0,0,0,0,0,0,0,0,0,0,0,0,0,0,0,0,0,0,0,
301,0,0,0,0,0,0,0,0,0,0,0,0,0,0,0,0,0,0,0,0,0,0,0,0,0,0,0,0,0,
0,0,0,0,0,0,0,0,0,0,0,0,0,0,0,0,0,0,0,0,0,0,0,0,0,0,0,0,0,0

