[header]
width=30
height=19
tilewidth=32
tileheight=32
orientation=orthogonal

[tilesets]
tileset=C:/Users/Mathis/Desktop/32x32_map_tile v3.1 [MARGINLESS].png,32,32,0,0

[layer]
type=Calque de Tile 1
data=
489,489,489,489,489,489,489,489,489,489,489,489,489,489,489,489,489,489,489,489,489,489,489,489,489,489,489,489,489,489,
489,489,489,489,489,489,489,489,489,371,422,422,422,422,422,372,489,489,489,371,422,422,422,372,489,489,489,489,489,489,
489,489,489,489,489,489,489,489,371,423,444,445,445,445,446,421,372,489,371,423,444,445,446,398,489,489,489,489,489,489,
489,489,489,489,489,489,489,371,423,444,558,143,143,143,556,446,398,489,423,444,558,143,469,398,489,489,489,489,489,489,
489,489,489,489,489,489,371,423,444,558,510,491,491,512,143,469,487,487,444,558,143,143,469,398,489,489,489,489,489,489,
489,489,489,489,489,489,400,444,558,510,492,487,487,467,143,469,487,444,558,143,143,143,469,398,489,489,489,489,489,489,
489,489,489,489,489,489,400,490,491,492,487,487,444,558,143,469,487,467,143,143,143,143,469,398,489,489,489,489,489,489,
489,489,489,489,489,489,369,376,377,487,487,444,558,143,510,492,487,467,510,491,512,143,469,398,489,489,489,489,489,489,
489,489,489,489,489,489,489,489,400,487,444,558,143,510,492,487,487,490,492,487,467,143,469,398,489,489,489,489,489,489,
489,489,489,489,489,489,489,371,487,444,558,510,491,492,375,376,376,376,376,377,467,143,469,398,489,489,489,489,489,489,
489,489,489,489,489,489,371,487,444,558,510,492,375,376,370,489,489,489,489,400,467,143,469,398,489,489,489,489,489,489,
489,489,489,489,489,489,400,444,558,510,492,375,370,489,489,489,489,489,371,423,467,143,469,421,372,489,489,489,489,489,
489,489,489,489,489,489,400,467,143,469,487,421,422,422,422,422,372,489,400,444,558,143,556,446,398,489,489,489,489,489,
489,489,489,489,489,489,400,467,143,556,445,445,445,445,445,446,398,489,400,467,143,143,143,469,398,489,489,489,489,489,
489,489,489,489,489,489,400,490,491,491,491,491,491,491,491,492,398,489,400,490,491,491,491,492,398,489,489,489,489,489,
489,489,489,489,489,489,369,376,376,376,376,376,376,376,376,376,370,489,369,376,376,376,376,376,370,489,489,489,489,489,
489,489,489,489,489,489,489,489,489,489,489,489,489,489,489,489,489,489,489,489,489,489,489,489,489,489,489,489,489,489,
489,489,489,489,489,489,489,489,489,489,489,489,489,489,489,489,489,489,489,489,489,489,489,489,489,489,489,489,489,489,
489,489,489,489,489,489,489,489,489,489,489,489,489,489,489,489,489,489,489,489,489,489,489,489,489,489,489,489,489,489

[layer]
type=Calque 2
data=
0,0,0,0,0,0,0,0,0,0,0,0,0,0,0,0,0,0,0,0,0,0,0,0,0,0,0,0,0,0,
0,0,0,0,0,0,0,0,0,0,0,0,0,0,0,0,0,0,0,0,0,0,0,0,0,0,0,0,0,0,
0,0,0,0,0,0,0,0,0,0,0,0,0,0,0,0,0,0,0,0,0,0,0,0,0,0,0,0,0,0,
0,0,0,0,0,0,0,0,0,0,0,0,236,0,0,0,0,0,0,0,0,0,0,0,0,0,0,0,0,0,
0,0,0,0,0,0,0,0,0,0,0,0,0,0,327,0,0,0,0,0,0,236,0,0,0,0,0,0,0,0,
0,0,0,0,0,0,0,0,0,254,0,0,0,0,0,0,0,0,0,0,0,0,0,0,0,0,0,0,0,0,
0,0,0,0,0,0,0,0,0,0,0,0,0,254,0,0,0,0,326,0,323,0,0,0,0,0,0,0,0,0,
0,0,0,0,0,0,0,0,0,0,0,0,0,0,325,0,0,0,0,0,0,0,234,0,0,0,0,0,0,0,
0,0,0,0,0,0,0,0,0,0,0,0,0,0,0,0,0,0,0,0,0,0,0,0,0,0,0,0,0,0,
0,0,0,0,0,0,0,0,0,0,0,254,0,0,0,0,0,0,0,0,0,231,0,0,0,0,0,0,0,0,
0,0,0,0,0,0,0,0,0,325,0,0,0,0,0,0,0,0,0,0,0,0,0,0,0,0,0,0,0,0,
0,0,0,0,0,0,0,0,0,0,0,0,0,0,0,0,0,0,0,0,0,0,0,0,0,0,0,0,0,0,
0,0,0,0,0,0,0,0,234,0,0,0,0,0,0,0,0,0,0,0,0,0,231,0,0,0,0,0,0,0,
0,0,0,0,0,0,0,0,0,0,0,0,0,324,0,0,0,0,0,0,234,0,0,0,0,0,0,0,0,0,
0,0,0,0,0,0,0,0,327,0,0,0,0,0,0,0,0,0,0,0,0,0,0,0,0,0,0,0,0,0,
0,0,0,0,0,0,0,0,0,0,0,0,0,0,0,0,0,0,0,0,0,0,0,0,0,0,0,0,0,0,
0,0,0,0,0,0,0,0,0,0,0,0,0,0,0,0,0,0,0,0,0,0,0,0,0,0,0,0,0,0,
0,0,0,0,0,0,0,0,0,0,0,0,0,0,0,0,0,0,0,0,0,0,0,0,0,0,0,0,0,0,
0,0,0,0,0,0,0,0,0,0,0,0,0,0,0,0,0,0,0,0,0,0,0,0,0,0,0,0,0,0

