[header]
width=30
height=19
tilewidth=32
tileheight=32
orientation=orthogonal

[tilesets]
tileset=C:/Users/Mathis/Desktop/32x32_map_tile v3.1 [MARGINLESS].png,32,32,0,0

[layer]
type=Calque de Tile 1
data=
487,487,487,487,487,487,487,487,487,487,490,512,143,143,143,143,143,143,143,143,143,143,144,48,48,48,48,48,48,48,
487,487,487,487,487,487,487,487,487,487,487,490,512,143,143,143,143,143,143,143,143,143,144,48,48,48,48,48,48,48,
487,487,487,487,487,487,487,487,487,487,487,487,490,491,512,143,143,143,143,143,143,143,143,121,48,48,48,48,48,48,
487,487,487,487,487,487,487,487,487,487,487,487,487,487,490,512,143,143,143,143,143,143,143,237,121,48,48,48,48,48,
487,487,487,487,487,487,487,487,487,487,487,487,487,487,487,490,491,512,143,143,143,143,143,143,237,121,48,48,48,48,
487,487,487,487,487,487,487,487,487,487,487,487,487,487,487,487,487,490,491,512,143,143,143,143,143,237,121,48,48,48,
445,445,445,446,487,487,487,487,487,487,487,487,487,487,487,487,487,487,487,490,491,491,512,143,143,143,237,120,120,120,
143,143,143,556,445,445,446,487,487,487,487,487,487,487,487,487,487,487,487,487,487,487,490,512,143,143,143,143,143,143,
143,143,143,143,143,143,556,446,487,487,487,487,487,487,487,487,487,487,487,487,487,487,487,490,512,143,143,143,143,143,
143,143,143,143,143,143,143,556,446,487,487,487,487,487,487,487,487,487,487,487,487,487,487,487,490,512,143,143,143,143,
143,143,143,143,143,143,143,143,556,446,487,487,487,487,487,487,487,487,487,487,487,487,487,487,487,467,143,143,143,143,
143,143,143,143,143,143,143,143,143,556,446,487,487,487,487,487,487,487,487,487,487,487,487,487,487,490,512,143,143,143,
166,166,193,143,143,143,143,143,143,143,556,445,446,487,487,487,487,487,487,487,487,487,487,487,487,487,490,512,143,143,
48,48,165,166,193,143,143,143,143,143,143,143,556,446,487,487,487,487,487,487,487,487,487,487,487,487,487,490,512,143,
48,48,48,48,165,166,166,193,143,143,143,143,143,556,446,487,487,487,487,487,487,487,487,487,487,487,487,487,490,511,
48,48,48,48,48,48,48,165,166,193,143,143,143,143,556,445,446,487,487,487,487,487,487,487,487,487,487,487,487,487,
48,48,48,48,48,48,48,48,48,165,193,143,143,143,143,143,556,446,487,487,487,487,487,487,487,487,487,487,487,487,
48,48,48,48,48,48,48,48,48,48,165,193,143,143,143,143,143,556,445,445,446,487,487,487,487,487,487,487,487,487,
48,48,48,48,48,48,48,48,48,48,48,143,143,143,143,143,143,143,143,143,556,446,487,487,487,487,487,487,487,487

[layer]
type=Calque 2
data=
0,0,0,0,0,0,0,0,0,0,0,0,0,0,0,0,304,0,0,0,0,0,304,0,162,0,0,0,0,0,
0,0,0,0,0,0,0,0,0,0,0,0,0,257,0,0,0,0,0,0,0,0,0,0,0,0,0,162,0,0,
0,0,0,0,0,0,0,0,0,0,0,0,0,0,0,0,234,0,0,0,0,304,0,0,0,0,209,0,0,0,
0,0,0,0,0,0,0,0,0,0,0,0,0,0,0,0,0,0,304,0,0,0,0,0,0,0,0,0,0,185,
0,0,0,0,0,0,0,0,0,0,0,0,0,0,0,0,0,0,0,0,0,254,0,304,0,0,0,0,163,0,
0,0,0,0,0,0,0,0,0,0,0,0,0,0,0,0,0,0,0,0,0,0,0,0,0,0,0,0,0,0,
0,326,326,0,0,0,0,0,0,0,0,0,0,0,0,0,0,0,0,0,0,0,0,257,0,0,0,0,0,0,
0,327,0,0,326,0,0,0,0,0,0,0,0,0,0,0,0,0,0,0,0,0,0,0,0,0,0,0,236,0,
0,0,0,323,0,327,0,0,0,0,0,0,0,0,0,0,0,0,0,0,0,0,0,0,0,0,0,304,0,0,
0,324,0,254,254,326,0,324,0,0,0,0,0,0,0,0,0,0,0,0,0,0,0,0,0,0,0,257,0,0,
0,324,0,327,0,326,0,324,324,0,0,0,0,0,0,0,0,0,0,0,0,0,0,0,0,0,0,0,0,0,
0,0,324,324,0,0,0,327,324,0,0,0,0,0,0,0,0,0,0,0,0,0,0,0,0,0,0,0,304,0,
0,0,0,0,0,324,324,326,324,0,0,327,0,0,0,0,0,0,0,0,0,0,0,0,0,0,0,0,0,0,
0,0,0,0,324,0,0,0,0,323,0,327,0,327,0,0,0,0,0,0,0,0,0,0,0,0,0,0,0,0,
0,0,255,0,0,0,0,327,327,0,0,0,0,327,0,0,0,0,0,0,0,0,0,0,0,0,0,0,0,0,
0,0,0,0,0,0,0,0,0,0,326,326,323,0,323,0,0,0,0,0,0,0,0,0,0,0,0,0,0,0,
0,186,0,0,162,0,0,0,0,0,0,0,0,323,326,326,0,0,0,0,0,0,0,0,0,0,0,0,0,0,
0,0,0,209,0,0,0,0,0,0,0,0,0,0,0,326,326,0,0,0,0,0,0,0,0,0,0,0,0,0,
0,0,0,0,0,0,0,0,0,0,0,0,0,0,0,0,0,0,0,0,0,0,0,0,0,0,0,0,0,0

