[header]
width=30
height=19
tilewidth=32
tileheight=32
orientation=orthogonal

[tilesets]
tileset=C:/Users/Mathis/Desktop/32x32_map_tile v3.1 [MARGINLESS].png,32,32,0,0

[layer]
type=Calque de Tile 1
data=
48,48,48,48,530,487,489,489,489,489,489,489,489,489,489,489,489,489,489,489,489,489,489,489,489,489,489,489,489,489,
48,48,48,48,530,487,489,489,489,489,489,371,422,422,372,489,489,489,489,489,489,489,489,489,489,489,489,489,489,489,
48,48,48,48,530,487,489,489,489,489,489,400,444,446,398,489,489,489,489,489,489,489,489,489,489,489,489,489,489,489,
48,48,48,48,530,487,489,489,489,489,489,400,490,492,398,489,489,489,489,489,489,489,489,489,489,489,489,489,489,489,
48,48,48,48,530,487,489,489,489,489,489,369,376,376,370,489,489,489,489,489,489,489,489,489,489,489,489,489,489,489,
48,48,48,48,530,487,489,489,489,489,489,489,489,489,489,489,489,489,489,489,489,489,489,489,489,489,489,489,489,489,
48,48,48,48,530,487,489,489,489,489,489,489,489,489,489,489,489,489,489,489,489,489,489,489,489,489,489,489,489,489,
48,48,48,48,530,487,489,489,489,489,489,489,489,489,489,489,371,422,422,372,489,489,489,489,489,489,489,489,489,489,
48,48,48,48,530,487,489,489,489,489,489,489,489,489,489,489,400,444,446,398,489,489,489,489,489,489,489,489,489,489,
48,48,48,48,530,487,489,489,489,489,489,489,489,489,489,489,400,490,492,398,489,489,489,489,489,489,489,489,489,489,
48,48,48,48,530,487,489,489,489,489,489,489,489,489,489,489,369,376,376,370,489,489,489,489,489,489,489,489,489,489,
48,48,48,48,530,487,489,489,489,489,489,489,489,489,489,489,489,489,489,489,489,489,489,489,489,489,489,489,489,489,
48,48,48,48,530,487,489,489,489,489,371,422,422,372,489,489,489,489,489,489,489,489,489,489,489,489,489,489,489,489,
48,48,48,48,530,487,421,489,489,489,400,444,446,398,489,489,489,489,489,489,489,489,489,489,489,489,489,489,489,489,
48,48,48,48,553,515,487,421,489,489,400,490,492,398,489,489,489,489,489,489,371,422,422,372,489,489,489,489,489,489,
48,48,48,48,48,553,515,487,489,489,369,376,376,370,489,489,489,489,489,489,400,444,446,398,489,489,489,489,489,489,
48,48,48,48,48,48,530,487,421,489,489,489,489,489,489,489,489,489,489,489,400,490,492,398,489,489,489,489,489,489,
48,48,48,48,48,48,553,515,487,489,489,489,489,489,489,489,489,489,489,489,369,376,376,370,489,489,489,489,489,489,
48,48,48,48,48,48,48,530,487,489,489,489,489,489,489,489,489,489,489,489,489,489,489,489,489,489,489,489,489,489

[layer]
type=Calque 2
data=
303,0,0,0,0,0,0,0,0,0,0,0,302,303,0,0,0,0,0,0,0,0,0,0,0,0,0,0,0,0,
278,0,0,0,0,0,0,0,0,0,0,0,277,278,0,0,0,0,0,0,0,0,0,0,0,0,0,0,0,0,
301,186,0,0,0,0,0,0,0,0,0,0,300,301,0,0,0,0,0,0,0,0,0,0,0,0,0,0,0,0,
186,186,186,0,0,0,0,0,0,0,0,0,0,0,0,0,0,0,0,0,0,0,0,0,0,0,0,0,0,0,
186,186,0,0,0,0,0,0,0,0,0,0,0,0,0,0,0,0,0,0,0,0,0,0,0,0,0,0,0,0,
185,0,0,0,0,0,0,0,0,0,0,0,0,0,0,0,0,279,280,0,0,0,0,0,0,0,0,0,0,0,
279,280,0,0,0,0,0,0,0,0,0,0,0,0,0,0,0,302,303,0,0,0,0,0,0,0,0,0,0,0,
302,303,0,0,0,0,0,0,0,0,0,0,0,0,0,0,0,277,278,0,0,0,0,0,0,0,0,0,0,0,
277,278,0,0,0,0,0,0,0,0,0,0,0,0,0,0,0,300,301,0,0,0,0,0,0,0,0,0,0,0,
300,301,0,0,0,0,0,0,0,0,0,0,0,0,0,0,0,0,0,0,0,0,0,0,0,0,0,0,0,0,
187,0,0,0,0,0,0,0,0,0,0,279,280,0,0,0,0,0,0,370,0,0,0,0,0,0,0,0,0,0,
164,0,0,0,0,0,0,0,0,0,0,302,303,0,0,0,0,0,0,0,0,0,0,0,0,0,0,0,0,0,
0,0,0,0,0,279,280,0,0,0,0,277,278,0,0,0,0,0,0,0,0,279,280,0,0,0,0,0,0,0,
0,0,0,0,0,302,303,0,0,0,0,300,301,0,0,0,0,0,0,0,0,302,303,0,0,0,0,0,0,0,
0,0,0,0,0,277,278,0,0,0,0,0,0,0,0,0,0,0,0,0,0,277,278,0,0,0,0,0,0,0,
0,0,0,0,232,300,301,0,0,0,0,0,0,0,0,0,0,0,0,0,0,300,301,0,0,0,0,0,0,0,
208,232,0,0,0,0,0,0,0,0,0,0,0,0,0,0,0,0,0,0,0,0,0,0,0,0,0,0,0,0,
232,0,0,0,254,0,0,0,0,0,0,0,0,0,0,0,0,0,0,0,0,0,0,0,0,0,0,0,0,0,
0,0,0,0,0,0,0,0,0,0,0,0,0,0,0,0,0,0,0,0,0,0,0,0,0,0,0,0,0,0

