[header]
width=30
height=19
tilewidth=32
tileheight=32
orientation=orthogonal

[tilesets]
tileset=C:/Users/Mathis/Desktop/32x32_map_tile v3.1 [MARGINLESS].png,32,32,0,0

[layer]
type=Calque de Tile 1
data=
487,487,487,487,487,487,487,487,487,487,487,487,487,487,487,487,487,487,487,487,487,487,487,487,487,487,487,487,487,487,
487,487,487,487,487,487,487,487,487,487,487,487,487,487,487,487,487,487,487,487,487,487,487,487,487,487,487,487,487,487,
487,487,487,487,487,487,487,487,487,487,487,444,445,446,487,487,487,487,487,487,487,487,487,487,487,487,487,487,487,487,
487,487,487,487,487,444,445,446,487,487,487,467,143,469,487,487,487,487,487,487,487,487,487,487,487,487,487,487,487,487,
487,487,487,487,487,467,143,469,487,487,487,490,491,492,487,487,487,487,487,444,445,446,487,487,487,487,487,487,487,487,
487,487,487,487,487,490,491,492,487,487,487,487,487,487,487,487,487,487,487,467,143,469,487,487,487,487,487,487,487,487,
487,487,487,487,487,487,487,487,487,487,487,487,487,487,487,487,487,487,487,490,491,492,487,487,487,487,487,487,487,487,
487,487,487,487,487,487,487,487,487,487,487,487,487,487,487,487,487,487,487,487,487,487,487,487,487,444,445,446,487,487,
487,487,487,487,487,487,487,487,487,487,487,487,487,487,487,487,487,487,444,445,446,487,487,487,487,467,143,469,487,487,
487,487,487,487,487,487,487,487,487,487,487,487,444,445,446,487,487,487,467,143,469,487,487,487,487,490,491,492,487,487,
487,487,487,444,445,446,487,487,487,487,487,487,467,143,469,487,487,487,490,491,492,487,487,487,487,487,487,487,487,487,
487,487,487,467,143,469,487,487,487,487,487,487,490,491,492,487,487,487,487,487,487,487,487,487,487,487,487,487,487,487,
487,487,487,490,491,492,487,487,487,487,487,487,487,487,487,487,487,487,487,487,487,487,487,487,487,487,487,487,487,487,
487,487,487,487,487,487,487,487,487,487,487,487,487,487,487,487,487,487,487,487,444,445,446,487,487,487,487,487,487,487,
487,487,487,487,487,487,487,487,444,445,446,487,487,487,487,487,487,487,487,487,467,143,469,487,487,487,487,487,487,487,
487,487,487,487,487,487,487,487,467,143,469,487,487,487,487,487,487,487,487,487,490,491,492,487,487,487,487,487,487,487,
487,487,487,487,487,487,487,487,490,491,492,487,487,487,487,487,487,487,487,487,487,487,487,487,487,487,487,487,487,487,
487,487,487,487,487,487,487,487,487,487,487,487,487,487,487,487,487,487,487,487,487,487,487,487,487,487,487,487,487,487,
487,487,487,487,487,487,487,487,487,487,487,487,487,487,487,487,487,487,487,487,487,487,487,487,487,487,487,487,487,487

[layer]
type=Calque 2
data=
0,0,0,0,0,0,0,0,0,0,0,0,0,0,0,0,0,0,0,0,0,0,0,0,0,0,0,0,0,0,
0,0,0,0,0,0,0,0,0,0,0,0,0,0,0,0,0,0,0,0,0,0,0,0,0,0,0,0,0,0,
0,0,0,0,0,0,0,0,0,0,0,0,0,0,0,0,0,0,0,0,0,0,0,0,0,0,0,0,0,0,
0,0,0,0,0,0,323,0,0,0,0,0,0,0,0,0,0,0,0,0,0,0,0,0,0,0,0,0,0,0,
0,0,0,0,0,0,254,0,0,0,0,0,0,0,0,0,0,0,0,0,0,0,0,0,0,0,0,0,0,0,
0,0,0,0,0,0,0,0,0,0,0,0,0,0,0,0,0,0,0,0,0,0,0,0,0,0,0,0,0,0,
0,0,0,0,0,0,0,0,0,0,0,0,0,0,0,0,0,0,0,0,0,234,0,0,0,0,0,0,0,0,
0,0,0,0,0,0,0,0,0,0,0,0,0,0,0,0,0,0,0,0,0,0,0,0,0,0,0,0,0,0,
0,0,0,0,0,0,0,0,0,0,0,0,0,0,0,0,0,0,0,0,0,0,0,0,0,0,0,0,0,0,
0,0,0,0,0,0,0,0,0,0,0,0,0,0,0,0,0,0,0,0,325,0,0,0,0,0,0,0,0,0,
0,0,0,0,0,0,0,0,0,0,0,0,0,0,0,0,0,0,0,327,324,0,0,0,0,0,0,0,0,0,
0,0,0,0,0,0,0,0,0,0,0,0,0,0,0,0,0,0,0,0,0,0,0,0,0,0,0,0,0,0,
0,0,0,0,0,0,0,0,0,0,0,0,0,0,0,0,0,0,0,0,0,0,0,0,0,0,0,0,0,0,
0,0,0,0,0,0,0,0,0,0,0,0,0,0,0,0,0,0,0,0,0,0,0,0,0,0,0,0,0,0,
0,0,0,0,0,0,0,0,0,0,0,0,0,0,0,0,0,0,0,0,0,0,0,0,0,0,0,0,0,0,
0,0,0,0,0,0,0,0,0,236,0,0,0,0,0,0,0,0,0,0,0,0,0,0,0,0,0,0,0,0,
0,0,0,0,0,0,0,0,0,0,0,0,0,0,0,0,0,0,0,0,0,0,0,0,0,0,0,0,0,0,
0,0,0,0,0,0,0,0,0,0,0,0,0,0,0,0,0,0,0,0,0,0,0,0,0,0,0,0,0,0,
0,0,0,0,0,0,0,0,0,0,0,0,0,0,0,0,0,0,0,0,0,0,0,0,0,0,0,0,0,0

